Specification:
{
  "NumRuns": 100,
  "ProblemSizes": [
    50,
    100,
    150,
    200,
    250,
    300,
    350,
    400,
    450,
    500
  ],
  "MaxParallelization": 4.0,
  "Problem": {
    "Name": "JumpOffsetSpike",
    "Parameters": {
      "GapSize": "60"
    }
  },
  "Optimizers": [
    {
      "Name": "P3",
      "Algorithm": "P3",
      "Parameters": {}
    }
  ],
  "Terminations": [
    {
      "Name": "Optimum reached",
      "Parameters": {}
    },
    {
      "Name": "Stagnation",
      "Parameters": {
        "MaxIterations": "n/2",
        "Epsilon": "10E-5"
      }
    }
  ]
}
Type:
BitString
Fittest:
P3;10111111110101011111111111111110111111101101110111101111111111110100101111111111110001111101101111101111111110111011011101001111111111101110111111110101100111111111110110111100101111111111110110111110111001111111111111111100111111111110110011110110111111111101010111111010010111111100001111110110101011111110111110111111101110111111111111111111011111110111111110111101110111111111110011111111111111101110011111111111111111001011111111101111011101111111011010111111001110011011111111101111111101111001;561
Items:
Series:
P3;BestFitness;ProblemSize	(50,97);(100,135);(150,172);(200,210);(250,254.04);(300,310.84);(350,358.49);(400,402.42);(450,440.32);(500,495.48)
P3;NumberIterations;ProblemSize	(50,26);(100,51);(150,76);(200,101);(250,112.62);(300,101.11);(350,105.87);(400,119.03);(450,143.07);(500,134.48)
P3;NumberFitnessCalls;ProblemSize	(50,3721.48);(100,16081.56);(150,37050.9);(200,66871.25);(250,93842.89);(300,101373.48);(350,124080.74);(400,159916.12);(450,216987.98);(500,226436.9)
P3;AvgFitness;ProblemSize	(50,97);(100,135);(150,172);(200,210);(250,249.71989999999997);(300,295.3828000000001);(350,335.4539999999998);(400,372.8614999999999);(450,407.7032);(500,449.8014)
P3;CpuTimeSeconds;ProblemSize	(50,0.10713940199999994);(100,1.223403168);(150,5.983421906999999);(200,17.567496143);(250,36.858163501000014);(300,55.89779352900002);(350,90.91727100199998);(400,150.2025723699999);(450,253.014994994);(500,321.664774794)
P3;OptimumReached;ProblemSize	(50,0);(100,0);(150,0);(200,0);(250,0.11);(300,0.34);(350,0.41);(400,0.42);(450,0.38);(500,0.48)
P3;Stagnation;ProblemSize	(50,1);(100,1);(150,1);(200,1);(250,0.89);(300,0.66);(350,0.59);(400,0.58);(450,0.62);(500,0.52)
P3;MaxIterations;ProblemSize	(50,0);(100,0);(150,0);(200,0);(250,0);(300,0);(350,0);(400,0);(450,0);(500,0)