Specification:
{
  "NumRuns": 100,
  "ProblemSizes": [
    50,
    100,
    150,
    200,
    250,
    300,
    350,
    400,
    450,
    500
  ],
  "MaxParallelization": 4.0,
  "Problem": {
    "Name": "JumpOffsetSpike",
    "Parameters": {
      "GapSize": "90"
    }
  },
  "Optimizers": [
    {
      "Name": "P3",
      "Algorithm": "P3",
      "Parameters": {}
    }
  ],
  "Terminations": [
    {
      "Name": "Optimum reached",
      "Parameters": {}
    },
    {
      "Name": "Stagnation",
      "Parameters": {
        "MaxIterations": "n/2",
        "Epsilon": "10E-5"
      }
    }
  ]
}
Type:
BitString
Fittest:
P3;10111110110101111111111111111111111011101111111111110101111101101111111111111110111111111111101111111111011111111011111111101011111001010101111111111110111111111011110111111111110111111111111110111111101111111101011101110111111110011111111101111111100111010111011100101011101111101111111011110111111111111111011110011010101111011101110111111111111011111111111011111111010111110111111111011101011110101111111101111111111011111111111101011011101111110101111111110111111111111101111110111111111011111100;591
Items:
Series:
P3;BestFitness;ProblemSize	(50,127);(100,165);(150,202);(200,240);(250,277);(300,315);(350,352);(400,401.11);(450,457.78);(500,504.06)
P3;NumberIterations;ProblemSize	(50,26);(100,51);(150,76);(200,101);(250,126);(300,151);(350,176);(400,179.38);(450,166.11);(500,174.59)
P3;NumberFitnessCalls;ProblemSize	(50,3722.02);(100,16080.93);(150,37049.26);(200,66886.89);(250,105265.48);(300,152550.56);(350,208298.19);(400,243371.01);(450,253572.21);(500,296808.95)
P3;AvgFitness;ProblemSize	(50,127);(100,165);(150,202);(200,240);(250,277);(300,315);(350,352);(400,394.24699999999996);(450,439.18709999999993);(500,479.7790000000001)
P3;CpuTimeSeconds;ProblemSize	(50,0.12507069699999998);(100,1.3459431579999999);(150,6.470185388999999);(200,17.470883915000005);(250,38.872314332);(300,86.97955166099999);(350,144.2640439640001);(400,212.869945429);(450,279.51974764799996);(500,390.90182265199996)
P3;OptimumReached;ProblemSize	(50,0);(100,0);(150,0);(200,0);(250,0);(300,0);(350,0);(400,0.11);(450,0.27);(500,0.31)
P3;Stagnation;ProblemSize	(50,1);(100,1);(150,1);(200,1);(250,1);(300,1);(350,1);(400,0.89);(450,0.73);(500,0.69)
P3;MaxIterations;ProblemSize	(50,0);(100,0);(150,0);(200,0);(250,0);(300,0);(350,0);(400,0);(450,0);(500,0)