Specification:
{
  "NumRuns": 100,
  "ProblemSizes": [
    50,
    100,
    150,
    200,
    250,
    300,
    350,
    400,
    450,
    500
  ],
  "MaxParallelization": 4.0,
  "Problem": {
    "Name": "JumpOffsetSpike",
    "Parameters": {
      "GapSize": "100"
    }
  },
  "Optimizers": [
    {
      "Name": "P3",
      "Algorithm": "P3",
      "Parameters": {}
    }
  ],
  "Terminations": [
    {
      "Name": "Optimum reached",
      "Parameters": {}
    },
    {
      "Name": "Stagnation",
      "Parameters": {
        "MaxIterations": "n/2",
        "Epsilon": "10E-5"
      }
    }
  ]
}
Type:
BitString
Fittest:
P3;10111111111101110111110111111111111011111111010111111111111111111011111101011111110111101111111111111011111111111111100111111111111111011111111101101111101111111111101111111111011111110110101111111011111001100111111110101011111111111111101111111011111111111111111011111111111101110101110111111111111011111110111110011111111111101111110100111100111111110001111111101110111011110111100111111111111111110111110111011111101011111110111111111011111111101111101111101011111111111011111011111101111110110110;601
Items:
Series:
P3;BestFitness;ProblemSize	(50,137);(100,175);(150,212);(200,250);(250,287);(300,325);(350,362.89);(400,401.01);(450,446.12);(500,500.2)
P3;NumberIterations;ProblemSize	(50,26);(100,51);(150,76);(200,101);(250,126);(300,151);(350,174.29);(400,199.03);(450,208.26);(500,201.61)
P3;NumberFitnessCalls;ProblemSize	(50,3724.36);(100,16067.55);(150,37059.08);(200,66866.23);(250,105225.35);(300,152531.77);(350,206257.34);(400,270399.08);(450,318804.4);(500,343500.52)
P3;AvgFitness;ProblemSize	(50,137);(100,175);(150,212);(200,250);(250,287);(300,325);(350,362.2967);(400,400.404);(450,440.5909999999999);(500,485.29600000000005)
P3;CpuTimeSeconds;ProblemSize	(50,0.09911130899999998);(100,1.0956575329999994);(150,5.385038163999999);(200,15.739368931);(250,37.032306788999996);(300,74.46135182100002);(350,132.03451522500006);(400,234.102695253);(450,331.599133517);(500,440.283601726)
P3;OptimumReached;ProblemSize	(50,0);(100,0);(150,0);(200,0);(250,0);(300,0);(350,0.01);(400,0.01);(450,0.08);(500,0.2)
P3;Stagnation;ProblemSize	(50,1);(100,1);(150,1);(200,1);(250,1);(300,1);(350,0.99);(400,0.99);(450,0.92);(500,0.8)
P3;MaxIterations;ProblemSize	(50,0);(100,0);(150,0);(200,0);(250,0);(300,0);(350,0);(400,0);(450,0);(500,0)