Specification:
{
  "NumRuns": 100,
  "ProblemSizes": [
    50,
    100,
    150,
    200,
    250,
    300,
    350,
    400,
    450,
    500
  ],
  "MaxParallelization": 4.0,
  "Problem": {
    "Name": "JumpOffsetSpike",
    "Parameters": {
      "GapSize": "10"
    }
  },
  "Optimizers": [
    {
      "Name": "P3",
      "Algorithm": "P3",
      "Parameters": {}
    }
  ],
  "Terminations": [
    {
      "Name": "Optimum reached",
      "Parameters": {}
    },
    {
      "Name": "Stagnation",
      "Parameters": {
        "MaxIterations": "n/2",
        "Epsilon": "10E-5"
      }
    }
  ]
}
Type:
BitString
Fittest:
P3;01111111110111011101111110011011110111011001111111111111011100110111001011111101011011101111011111110111110011111001111001111111011010110011111101111111111111111011111111111011111111110011111110101011111111101111111010111110011111010111010111111110101100101011110111111111111111011001001101110110011011011101001100111111101011111110111110111101000100101011111010111101111111011101111101110111011101101111111110001111101111011111111011111111010110101111111100111100101111110111110110100110101111111101;511
Items:
Series:
P3;BestFitness;ProblemSize	(50,60.3);(100,111);(150,161);(200,211);(250,261);(300,311);(350,361);(400,411);(450,461);(500,511)
P3;NumberIterations;ProblemSize	(50,6.27);(100,5.53);(150,5.7);(200,5.39);(250,5.29);(300,5.21);(350,5.4);(400,5.53);(450,5.52);(500,5.75)
P3;NumberFitnessCalls;ProblemSize	(50,623.28);(100,935.89);(150,1388.93);(200,1723.39);(250,2078.29);(300,2423.61);(350,2945.5);(400,3473.49);(450,3876.61);(500,4528.37)
P3;AvgFitness;ProblemSize	(50,51.87190000000001);(100,96.27529999999996);(150,139.85770000000002);(200,183.5659);(250,226.21369999999996);(300,270.009);(350,312.73429999999996);(400,356.6843);(450,400.5656000000002);(500,444.9096)
P3;CpuTimeSeconds;ProblemSize	(50,0.035060976999999986);(100,0.18108752100000003);(150,0.7188833439999996);(200,1.4835793359999996);(250,2.6984986709999985);(300,4.394858854000001);(350,7.124504544999999);(400,10.973929208);(450,15.268399952000008);(500,21.90144135800001)
P3;OptimumReached;ProblemSize	(50,0.95);(100,1);(150,1);(200,1);(250,1);(300,1);(350,1);(400,1);(450,1);(500,1)
P3;Stagnation;ProblemSize	(50,0.05);(100,0);(150,0);(200,0);(250,0);(300,0);(350,0);(400,0);(450,0);(500,0)
P3;MaxIterations;ProblemSize	(50,0);(100,0);(150,0);(200,0);(250,0);(300,0);(350,0);(400,0);(450,0);(500,0)