Specification:
{
  "NumRuns": 100,
  "ProblemSizes": [
    50,
    100,
    150,
    200,
    250,
    300,
    350,
    400,
    450,
    500
  ],
  "MaxParallelization": 4.0,
  "Problem": {
    "Name": "JumpOffsetSpike",
    "Parameters": {
      "GapSize": "40"
    }
  },
  "Optimizers": [
    {
      "Name": "P3",
      "Algorithm": "P3",
      "Parameters": {}
    }
  ],
  "Terminations": [
    {
      "Name": "Optimum reached",
      "Parameters": {}
    },
    {
      "Name": "Stagnation",
      "Parameters": {
        "MaxIterations": "n/2",
        "Epsilon": "10E-5"
      }
    }
  ]
}
Type:
BitString
Fittest:
P3;10111111011101101101111111101011011111111111110101110100111111000110111011101111111101111011111010111111111101101111111101100011111011111111111111111111011110111111111111111001111011111101111111011111111110111111111111111111101101011011111110111111111101011110101111110011111101111111011111111110011011111111110101111010101011001111011111111101110101101100110110111111111111101101111110111111101100110111101101101010111111101100111011100100001101110111110111101100111111111101111011111110110101111110;541
Items:
Series:
P3;BestFitness;ProblemSize	(50,77);(100,115);(150,154.34);(200,209.89);(250,260.92);(300,319.72);(350,378.54);(400,432.92);(450,489.86);(500,541)
P3;NumberIterations;ProblemSize	(50,26);(100,51);(150,71.67);(200,63.41);(250,62.51);(300,47.53);(350,32.72);(400,24.03);(450,9.93);(500,8.38)
P3;NumberFitnessCalls;ProblemSize	(50,3723.59);(100,16080.96);(150,34871.53);(200,41372.16);(250,50878.61);(300,45507.32);(350,35076.25);(400,28647.62);(450,10142.78);(500,7807.15)
P3;AvgFitness;ProblemSize	(50,77);(100,115);(150,152.97500000000002);(200,197.59609999999998);(250,237.59560000000005);(300,279.51189999999997);(350,321.38239999999985);(400,372.13270000000017);(450,426.2293000000001);(500,477.03960000000006)
P3;CpuTimeSeconds;ProblemSize	(50,0.10759112600000006);(100,1.234990406);(150,5.695778065000002);(200,11.209906938999998);(250,20.845416686);(300,26.897826726000012);(350,29.466650623000007);(400,34.724327441999996);(450,29.221117620999983);(500,41.886398734)
P3;OptimumReached;ProblemSize	(50,0);(100,0);(150,0.06);(200,0.39);(250,0.53);(300,0.72);(350,0.86);(400,0.92);(450,0.99);(500,1)
P3;Stagnation;ProblemSize	(50,1);(100,1);(150,0.94);(200,0.61);(250,0.47);(300,0.28);(350,0.14);(400,0.08);(450,0.01);(500,0)
P3;MaxIterations;ProblemSize	(50,0);(100,0);(150,0);(200,0);(250,0);(300,0);(350,0);(400,0);(450,0);(500,0)