Specification:
{
  "NumRuns": 100,
  "ProblemSizes": [
    50,
    100,
    150,
    200,
    250,
    300,
    350,
    400,
    450,
    500
  ],
  "MaxParallelization": 4.0,
  "Problem": {
    "Name": "JumpOffsetSpike",
    "Parameters": {
      "GapSize": "50"
    }
  },
  "Optimizers": [
    {
      "Name": "P3",
      "Algorithm": "P3",
      "Parameters": {}
    }
  ],
  "Terminations": [
    {
      "Name": "Optimum reached",
      "Parameters": {}
    },
    {
      "Name": "Stagnation",
      "Parameters": {
        "MaxIterations": "n/2",
        "Epsilon": "10E-5"
      }
    }
  ]
}
Type:
BitString
Fittest:
P3;11011111111111111101110111111111111111111001110111111111111110111111111010111111011110101111111101111110111111110111111110101110111101011111111111011111111111011111111110110011110111111111011111101111111101111111111111111111101111111010111111111111011101111111010111010100111001111001101111011001101111011011111101011110001111010011001001101011111101110011111110010011111101111111111110111111011111111111111111101011111111101010110111111111010111101111101110111111111010010011110000001110111110111110;551
Items:
Series:
P3;BestFitness;ProblemSize	(50,87);(100,125);(150,162);(200,205.61);(250,260.68);(300,310.72);(350,352.94);(400,403.53);(450,477.06);(500,543.44)
P3;NumberIterations;ProblemSize	(50,26);(100,51);(150,76);(200,90.4);(250,81.26);(300,82.49);(350,97.97);(400,99.43);(450,53.91);(500,23.65)
P3;NumberFitnessCalls;ProblemSize	(50,3727.03);(100,16070.47);(150,37044.3);(200,59675.39);(250,67085.89);(300,82043.07);(350,114202.17);(400,132637.39);(450,78216.41);(500,34693.74)
P3;AvgFitness;ProblemSize	(50,87);(100,125);(150,162);(200,202.091);(250,245.76050000000004);(300,287.3311000000001);(350,324.0935999999999);(400,362.7233999999999);(450,412.37729999999993);(500,464.47530000000023)
P3;CpuTimeSeconds;ProblemSize	(50,0.11054763799999998);(100,1.251801346);(150,6.180008960999998);(200,16.176144877000002);(250,27.493433363000005);(300,47.19101766599998);(350,88.60546610700003);(400,135.76823249799997);(450,105.45903167400002);(500,69.81694420899998)
P3;OptimumReached;ProblemSize	(50,0);(100,0);(150,0);(200,0.11);(250,0.37);(300,0.47);(350,0.46);(400,0.53);(450,0.79);(500,0.94)
P3;Stagnation;ProblemSize	(50,1);(100,1);(150,1);(200,0.89);(250,0.63);(300,0.53);(350,0.54);(400,0.47);(450,0.21);(500,0.06)
P3;MaxIterations;ProblemSize	(50,0);(100,0);(150,0);(200,0);(250,0);(300,0);(350,0);(400,0);(450,0);(500,0)