Specification:
{
  "NumRuns": 100,
  "ProblemSizes": [
    50,
    100,
    150,
    200,
    250,
    300,
    350,
    400,
    450,
    500
  ],
  "MaxParallelization": 4.0,
  "Problem": {
    "Name": "JumpOffsetSpike",
    "Parameters": {
      "GapSize": "80"
    }
  },
  "Optimizers": [
    {
      "Name": "P3",
      "Algorithm": "P3",
      "Parameters": {}
    }
  ],
  "Terminations": [
    {
      "Name": "Optimum reached",
      "Parameters": {}
    },
    {
      "Name": "Stagnation",
      "Parameters": {
        "MaxIterations": "n/2",
        "Epsilon": "10E-5"
      }
    }
  ]
}
Type:
BitString
Fittest:
P3;11111011101111001010111111111100111111111101111111111111111111111111111110101111111111111101011111111110111101111110111111111101111111110111111011011111011111101011111010011111111110111101111110110001111111011111111111111011111010111110011111111101110001111111110101101111111111111111111110101011011011101111110101111011111000111011110111111111110111111100111111101111011111111010110111110111011011101011111011101111101110111111101111100111111111101111110111111101111111111110110111111111111110111111;581
Items:
Series:
P3;BestFitness;ProblemSize	(50,117);(100,155);(150,192);(200,230);(250,267);(300,305.76);(350,348.23);(400,405.25);(450,453.48);(500,485.24)
P3;NumberIterations;ProblemSize	(50,26);(100,51);(150,76);(200,101);(250,126);(300,149.53);(350,163.92);(400,151.81);(450,155.13);(500,191.94)
P3;NumberFitnessCalls;ProblemSize	(50,3720.48);(100,16087.38);(150,37094.77);(200,66885.58);(250,105256.78);(300,151055.31);(350,193827.92);(400,205564.98);(450,236481.42);(500,326637.93)
P3;AvgFitness;ProblemSize	(50,117);(100,155);(150,192);(200,230);(250,267);(300,305.30400000000003);(350,344.84799999999996);(400,390.09680000000003);(450,430.7214999999999);(500,465.659)
P3;CpuTimeSeconds;ProblemSize	(50,0.10059058600000002);(100,1.0963975550000002);(150,5.380510264);(200,15.773357000999995);(250,37.071705667);(300,74.20587622899998);(350,126.08979770900004);(400,172.10030679500002);(450,246.74932891399988);(500,412.334853571)
P3;OptimumReached;ProblemSize	(50,0);(100,0);(150,0);(200,0);(250,0);(300,0.01);(350,0.07);(400,0.25);(450,0.32);(500,0.24)
P3;Stagnation;ProblemSize	(50,1);(100,1);(150,1);(200,1);(250,1);(300,0.99);(350,0.93);(400,0.75);(450,0.68);(500,0.76)
P3;MaxIterations;ProblemSize	(50,0);(100,0);(150,0);(200,0);(250,0);(300,0);(350,0);(400,0);(450,0);(500,0)