Specification:
{
  "NumRuns": 100,
  "ProblemSizes": [
    50,
    100,
    150,
    200,
    250,
    300,
    350,
    400,
    450,
    500
  ],
  "MaxParallelization": 4.0,
  "Problem": {
    "Name": "JumpOffsetSpike",
    "Parameters": {
      "GapSize": "30"
    }
  },
  "Optimizers": [
    {
      "Name": "P3",
      "Algorithm": "P3",
      "Parameters": {}
    }
  ],
  "Terminations": [
    {
      "Name": "Optimum reached",
      "Parameters": {}
    },
    {
      "Name": "Stagnation",
      "Parameters": {
        "MaxIterations": "n/2",
        "Epsilon": "10E-5"
      }
    }
  ]
}
Type:
BitString
Fittest:
P3;11101101111011001011111111101001101111111111111100011111101111011111111110010111000101101110111011111101110101111100111111111101111101111111111111100111101111111110111101111011111111111010111011110101101001011011111111101001101111111111101011000001111011110110010001111110111111110111011011011110101011111111001100001011111111111111111111111111011111111101010111111111111100111110111110110110101011011111110101111110111111111000111110111111011011011111111111111111111011110111101111111111110111101011;531
Items:
Series:
P3;BestFitness;ProblemSize	(50,67);(100,106.3);(150,160.33);(200,217.74);(250,274.6);(300,330.24);(350,381);(400,431);(450,481);(500,531)
P3;NumberIterations;ProblemSize	(50,26);(100,48.65);(150,42.96);(200,31.74);(250,21.87);(300,9.23);(350,7.15);(400,8.05);(450,7.6);(500,8.05)
P3;NumberFitnessCalls;ProblemSize	(50,3718.47);(100,15313.21);(150,20337.16);(200,19589.3);(250,15683.88);(300,6095.87);(350,4544.49);(400,5798.13);(450,5933.98);(500,7047.01)
P3;AvgFitness;ProblemSize	(50,67);(100,105.5423);(150,148.29250000000002);(200,191.62619999999998);(250,232.24490000000003);(300,282.60470000000004);(350,332.5295);(400,379.6139000000002);(450,422.87340000000006);(500,468.00800000000027)
P3;CpuTimeSeconds;ProblemSize	(50,0.11212881400000002);(100,1.2144087570000002);(150,3.547614297999998);(200,5.828913688);(250,7.758250124);(300,7.220655023999999);(350,11.388768819000001);(400,20.467071414000007);(450,26.945066918);(500,39.54786361499999)
P3;OptimumReached;ProblemSize	(50,0);(100,0.05);(150,0.47);(200,0.74);(250,0.9);(300,0.99);(350,1);(400,1);(450,1);(500,1)
P3;Stagnation;ProblemSize	(50,1);(100,0.95);(150,0.53);(200,0.26);(250,0.1);(300,0.01);(350,0);(400,0);(450,0);(500,0)
P3;MaxIterations;ProblemSize	(50,0);(100,0);(150,0);(200,0);(250,0);(300,0);(350,0);(400,0);(450,0);(500,0)