Specification:
{
  "NumRuns": 100,
  "ProblemSizes": [
    50,
    100,
    150,
    200,
    250,
    300,
    350,
    400,
    450,
    500
  ],
  "MaxParallelization": 4.0,
  "Problem": {
    "Name": "JumpOffsetSpike",
    "Parameters": {
      "GapSize": "70"
    }
  },
  "Optimizers": [
    {
      "Name": "P3",
      "Algorithm": "P3",
      "Parameters": {}
    }
  ],
  "Terminations": [
    {
      "Name": "Optimum reached",
      "Parameters": {}
    },
    {
      "Name": "Stagnation",
      "Parameters": {
        "MaxIterations": "n/2",
        "Epsilon": "10E-5"
      }
    }
  ]
}
Type:
BitString
Fittest:
P3;10011011101111111111111111111011110111111111111010101001101011111111111111110111101111101001111110101011010111101101111111111111111111111101111101101111101001111110111110101011110111011111111111111011111111111111101111100101111111111011111111101111111111110111011011001111111110101111001110111110111010011011011111101110110111101111111101110111111111011111100101111011111110111011110111111011111111100101111111111111111111111111111011001111111000111111101111111111111110111111101111110111110110111111;571
Items:
Series:
P3;BestFitness;ProblemSize	(50,107);(100,145);(150,182);(200,220);(250,257);(300,302.6);(350,355.14);(400,407.37);(450,442.34);(500,496.66)
P3;NumberIterations;ProblemSize	(50,26);(100,51);(150,76);(200,101);(250,126);(300,136.32);(350,131.41);(400,128.51);(450,157.51);(500,150.78)
P3;NumberFitnessCalls;ProblemSize	(50,3718.26);(100,16077.13);(150,37062.39);(200,66890.29);(250,105245.41);(300,137484.24);(350,154770.68);(400,173260.82);(450,240003.24);(500,255048.05)
P3;AvgFitness;ProblemSize	(50,107);(100,145);(150,182);(200,220);(250,257);(300,298.00370000000004);(350,340.8945999999999);(400,383.4163);(450,419.0658);(500,459.5259)
P3;CpuTimeSeconds;ProblemSize	(50,0.09815685200000006);(100,1.0918760369999996);(150,5.349241772999999);(200,15.700637206000001);(250,36.934913965000014);(300,67.35417252199997);(350,100.67857559900001);(400,144.867338103);(450,249.18304094799998);(500,323.33027692800005)
P3;OptimumReached;ProblemSize	(50,0);(100,0);(150,0);(200,0);(250,0);(300,0.1);(350,0.26);(400,0.37);(450,0.31);(500,0.41)
P3;Stagnation;ProblemSize	(50,1);(100,1);(150,1);(200,1);(250,1);(300,0.9);(350,0.74);(400,0.63);(450,0.69);(500,0.59)
P3;MaxIterations;ProblemSize	(50,0);(100,0);(150,0);(200,0);(250,0);(300,0);(350,0);(400,0);(450,0);(500,0)