Specification:
{
  "NumRuns": 100,
  "ProblemSizes": [
    50,
    100,
    150,
    200,
    250,
    300,
    350,
    400,
    450,
    500
  ],
  "MaxParallelization": 4.0,
  "Problem": {
    "Name": "JumpOffsetSpike",
    "Parameters": {
      "GapSize": "20"
    }
  },
  "Optimizers": [
    {
      "Name": "P3",
      "Algorithm": "P3",
      "Parameters": {}
    }
  ],
  "Terminations": [
    {
      "Name": "Optimum reached",
      "Parameters": {}
    },
    {
      "Name": "Stagnation",
      "Parameters": {
        "MaxIterations": "n/2",
        "Epsilon": "10E-5"
      }
    }
  ]
}
Type:
BitString
Fittest:
P3;10110011111111111111110111111100111110101111111011111101110101101110111011111101111111111111111111001001110101011111111111101111101001111110011011010111011111110111111011111110011010011111011110101111111111111000111111111010111111111010101001111001011010110010011111110001111010110110011101111111111101000111101101111111111111111011111110110101110110111111110111101111111111111110101111111100111011111110101010111001101111110011110110101110111110111011101101010101111100111111011111111111110101111111;521
Items:
Series:
P3;BestFitness;ProblemSize	(50,57);(100,117.1);(150,169.83);(200,221);(250,271);(300,321);(350,371);(400,421);(450,471);(500,521)
P3;NumberIterations;ProblemSize	(50,26);(100,12.8);(150,9.71);(200,6.88);(250,6.51);(300,7.12);(350,6.11);(400,6.39);(450,6.29);(500,5.6)
P3;NumberFitnessCalls;ProblemSize	(50,3728.9);(100,3389.74);(150,3310.82);(200,2586.38);(250,2788.8);(300,3668.46);(350,3430.46);(400,4223.05);(450,4593.4);(500,4383.22)
P3;AvgFitness;ProblemSize	(50,57);(100,102.61939999999997);(150,142.97520000000003);(200,190.16349999999994);(250,236.85309999999993);(300,282.0528);(350,323.60350000000005);(400,368.3341000000001);(450,410.6222000000001);(500,452.5970000000001)
P3;CpuTimeSeconds;ProblemSize	(50,0.10111883199999998);(100,0.29919146899999993);(150,0.8075599299999996);(200,1.6486003309999995);(250,3.4351029330000014);(300,6.701229783);(350,8.421249286999998);(400,13.561944146999998);(450,18.591004030000004);(500,21.190624251000003)
P3;OptimumReached;ProblemSize	(50,0);(100,0.85);(150,0.97);(200,1);(250,1);(300,1);(350,1);(400,1);(450,1);(500,1)
P3;Stagnation;ProblemSize	(50,1);(100,0.15);(150,0.03);(200,0);(250,0);(300,0);(350,0);(400,0);(450,0);(500,0)
P3;MaxIterations;ProblemSize	(50,0);(100,0);(150,0);(200,0);(250,0);(300,0);(350,0);(400,0);(450,0);(500,0)